{
 "cells": [
  {
   "cell_type": "markdown",
   "metadata": {},
   "source": [
    "# Spherical ICET"
   ]
  },
  {
   "cell_type": "code",
   "execution_count": 1,
   "metadata": {},
   "outputs": [
    {
     "name": "stderr",
     "output_type": "stream",
     "text": [
      "C:\\Users\\Derm\\anaconda3\\envs\\tf23\\lib\\site-packages\\numpy\\_distributor_init.py:32: UserWarning: loaded more than 1 DLL from .libs:\n",
      "C:\\Users\\Derm\\anaconda3\\envs\\tf23\\lib\\site-packages\\numpy\\.libs\\libopenblas.PYQHXLVVQ7VESDPUVUADXEVJOBGHJPAY.gfortran-win_amd64.dll\n",
      "C:\\Users\\Derm\\anaconda3\\envs\\tf23\\lib\\site-packages\\numpy\\.libs\\libopenblas.XWYDX2IKJW2NMTWSFYNGFUWKQU3LYTCZ.gfortran-win_amd64.dll\n",
      "  stacklevel=1)\n"
     ]
    },
    {
     "data": {
      "application/javascript": [
       "IPython.notebook.set_autosave_interval(180000)"
      ]
     },
     "metadata": {},
     "output_type": "display_data"
    },
    {
     "name": "stdout",
     "output_type": "stream",
     "text": [
      "Autosaving every 180 seconds\n"
     ]
    }
   ],
   "source": [
    "from vedo import *\n",
    "import os\n",
    "from ipyvtklink.viewer import ViewInteractiveWidget\n",
    "import pykitti\n",
    "import numpy as np\n",
    "import tensorflow as tf\n",
    "from tensorflow.math import sin, cos, tan\n",
    "import tensorflow_probability as tfp\n",
    "\n",
    "physical_devices = tf.config.list_physical_devices('GPU') \n",
    "for device in physical_devices:\n",
    "    tf.config.experimental.set_memory_growth(device, True)\n",
    "    \n",
    "%load_ext autoreload\n",
    "%autoreload 2\n",
    "%autosave 180\n",
    "%matplotlib notebook"
   ]
  },
  {
   "cell_type": "code",
   "execution_count": 147,
   "metadata": {
    "scrolled": true
   },
   "outputs": [
    {
     "name": "stdout",
     "output_type": "stream",
     "text": [
      "\n",
      " estimated solution vector X: \n",
      " tf.Tensor([0. 0. 0. 0. 0. 0.], shape=(6,), dtype=float32)\n",
      "\n",
      " estimated solution vector X: \n",
      " tf.Tensor([ 0.32621083  0.0121769  -0.04157321  0.00602326  0.00933894  0.01365251], shape=(6,), dtype=float32)\n",
      "\n",
      " estimated solution vector X: \n",
      " tf.Tensor([ 0.34021443  0.01604754 -0.04215311  0.0042694   0.00962055  0.01430456], shape=(6,), dtype=float32)\n",
      "\n",
      " estimated solution vector X: \n",
      " tf.Tensor([ 0.34130025  0.01407866 -0.04796741  0.00360097  0.01001569  0.01421962], shape=(6,), dtype=float32)\n",
      "\n",
      " estimated solution vector X: \n",
      " tf.Tensor([ 0.34130958  0.01333482 -0.05023554  0.00354002  0.01016993  0.01418648], shape=(6,), dtype=float32)\n",
      "\n",
      " estimated solution vector X: \n",
      " tf.Tensor([ 0.34131607  0.01333948 -0.05075875  0.00350166  0.01017279  0.01418498], shape=(6,), dtype=float32)\n",
      "\n",
      " estimated solution vector X: \n",
      " tf.Tensor([ 0.3413688   0.01313506 -0.0511802   0.00344804  0.01019025  0.01417966], shape=(6,), dtype=float32)\n",
      "\n",
      " estimated solution vector X: \n",
      " tf.Tensor([ 0.3414376   0.01304464 -0.05146157  0.00343135  0.01020343  0.01417749], shape=(6,), dtype=float32)\n",
      "\n",
      " estimated solution vector X: \n",
      " tf.Tensor([ 0.3414435   0.01302626 -0.05157584  0.00342049  0.01021316  0.01417716], shape=(6,), dtype=float32)\n",
      "\n",
      " estimated solution vector X: \n",
      " tf.Tensor([ 0.341457    0.01302227 -0.05160537  0.00341863  0.01021851  0.01417685], shape=(6,), dtype=float32)\n",
      "\n",
      " estimated solution vector X: \n",
      " tf.Tensor([ 0.3414574   0.01302058 -0.05160809  0.00341882  0.01021847  0.01417685], shape=(6,), dtype=float32)\n",
      "\n",
      " estimated solution vector X: \n",
      " tf.Tensor([ 0.34145734  0.01302103 -0.05160656  0.00341878  0.01021845  0.01417686], shape=(6,), dtype=float32)\n",
      "\n",
      " ---identified moving objects---\n",
      "pred_stds: \n",
      " tf.Tensor(\n",
      "[7.9529861e-04 9.0601092e-04 2.1961825e-03 2.7579005e-04 3.2179517e-04\n",
      " 6.1320141e-05], shape=(6,), dtype=float32)\n"
     ]
    }
   ],
   "source": [
    "from ICET_spherical import ICET\n",
    "\n",
    "# init KITTI dataset -----------------------------------------------------------------\n",
    "basedir = 'C:/kitti/'\n",
    "date = '2011_09_26'\n",
    "drive = '0005'\n",
    "idx = 0\n",
    "# drive = '0093'\n",
    "# idx = 220\n",
    "dataset = pykitti.raw(basedir, date, drive)\n",
    "velo1 = dataset.get_velo(idx) # Each scan is a Nx4 array of [x,y,z,reflectance]\n",
    "c1 = velo1[:,:3]\n",
    "c1 = c1[c1[:,2] > -1.5] #ignore ground plane\n",
    "velo2 = dataset.get_velo(idx+1) # Each scan is a Nx4 array of [x,y,z,reflectance]\n",
    "c2 = velo2[:,:3]\n",
    "c2 = c2[c2[:,2] > -1.5] #ignore ground plane\n",
    "# ------------------------------------------------------------------------------------\n",
    "\n",
    "# ## load custom point cloud geneated in matlab------------------------------------------\n",
    "# c1 = np.loadtxt(\"scene1_scan1.txt\", dtype = float)\n",
    "# # c2 = c1 + np.array([2.0, 0.2, 0])\n",
    "# c2 = c1 + np.array([0.1, 0., 0.])\n",
    "\n",
    "# # c1 = c1[c1[:,2] > -1.5] #ignore ground plane\n",
    "# # c2 = c2[c2[:,2] > -1.5] #ignore ground plane\n",
    "# ## ------------------------------------------------------------------------------------\n",
    "\n",
    "# #single distinct cluster---------------------------------------------------------------\n",
    "# c1 = np.random.randn(3000,3)*tf.constant([0.04,0.3,0.3]) + tf.constant([6.,0.,0.])\n",
    "# c2 = np.random.randn(3000,3)*tf.constant([0.04,0.3,0.3]) + tf.constant([6.,0.,0.]) - np.array([0., 0.25, 0.0])\n",
    "# # # c2 = c1 - np.array([0.1, 0.3, 0.0])\n",
    "# # -------------------------------------------------------------------------------------\n",
    "\n",
    "# D = True\n",
    "D = False\n",
    "X = tf.constant([0., 0., 0., 0., 0., 0.])\n",
    "it1 = ICET(cloud1 = c1, cloud2 = c2,  fid = 50, draw = False, x0 = X, niter = 12, group= 2, RM = True)\n",
    "# it2 = ICET(cloud1 = it1.cloud1_static, cloud2 = c2, fid = 50, niter = 20, draw = True, group = 2, RM = False)\n",
    "\n",
    "if D:\n",
    "    ViewInteractiveWidget(it2.plt.window)"
   ]
  },
  {
   "cell_type": "code",
   "execution_count": 148,
   "metadata": {
    "scrolled": false
   },
   "outputs": [
    {
     "name": "stdout",
     "output_type": "stream",
     "text": [
      "96\n",
      "WARNING:tensorflow:AutoGraph could not transform <function Model.make_predict_function.<locals>.predict_function at 0x0000015B0D602948> and will run it as-is.\n",
      "Please report this to the TensorFlow team. When filing the bug, set the verbosity to 10 (on Linux, `export AUTOGRAPH_VERBOSITY=10`) and attach the full output.\n",
      "Cause: unsupported operand type(s) for -: 'NoneType' and 'int'\n",
      "To silence this warning, decorate the function with @tf.autograph.experimental.do_not_convert\n",
      "WARNING: AutoGraph could not transform <function Model.make_predict_function.<locals>.predict_function at 0x0000015B0D602948> and will run it as-is.\n",
      "Please report this to the TensorFlow team. When filing the bug, set the verbosity to 10 (on Linux, `export AUTOGRAPH_VERBOSITY=10`) and attach the full output.\n",
      "Cause: unsupported operand type(s) for -: 'NoneType' and 'int'\n",
      "To silence this warning, decorate the function with @tf.autograph.experimental.do_not_convert\n",
      "tf.Tensor([-0.03328627  0.01183124 -0.01918486], shape=(3,), dtype=float32)\n"
     ]
    }
   ],
   "source": [
    "#Pre-process points from ICET to feed to DNN\n",
    "\n",
    "#Get ragged tensor containing all points from each scan inside each sufficient voxel\n",
    "in1 = it1.inside1\n",
    "npts1 = it1.npts1\n",
    "in2 = it1.inside2\n",
    "npts2 = it1.npts2\n",
    "corr = it1.corr #indices of bins that have enough points from scan1 and scan2\n",
    "\n",
    "# print(tf.shape(in2.to_tensor()))\n",
    "\n",
    "#get indices of rag with >= 25 elements\n",
    "ncells = tf.shape(corr)[0].numpy() #num of voxels with sufficent number of points\n",
    "# print(tf.gather(npts2, corr))\n",
    "enough1 = tf.gather(in1, corr)\n",
    "enough2 = tf.gather(in2, corr)\n",
    "print(tf.shape(enough2.to_tensor())[0].numpy())\n",
    "# print(npts2)\n",
    "# print(corr)\n",
    "\n",
    "#init array to store indices\n",
    "idx1 = np.zeros([ncells ,25])\n",
    "idx2 = np.zeros([ncells ,25])\n",
    "\n",
    "#loop through each element of ragged tensor\n",
    "for i in range(ncells):\n",
    "    idx1[i,:] = tf.random.shuffle(enough1[i])[:25].numpy() #shuffle order and take first 25 elements\n",
    "    idx2[i,:] = tf.random.shuffle(enough2[i])[:25].numpy() #shuffle order and take first 25 elements\n",
    "\n",
    "idx1 = tf.cast(tf.convert_to_tensor(idx1), tf.int32)\n",
    "idx2 = tf.cast(tf.convert_to_tensor(idx2), tf.int32)\n",
    "\n",
    "# print(it1.cloud1_tensor)\n",
    "from1 = tf.gather(it1.cloud1_tensor, idx1)\n",
    "# from2 = tf.gather(it1.cloud2_tensor_OG, idx2)\n",
    "from2 = tf.gather(it1.cloud2_tensor, idx2)\n",
    "# print(from1)\n",
    "\n",
    "x_test = tf.concat((from1, from2), axis = 1)\n",
    "# np.savetxt('perspective_shift/ICET_KITTI_frame0.txt', tf.reshape(from1, [-1, 3]).numpy())\n",
    "# np.savetxt('perspective_shift/ICET_KITTI_frame1.txt', tf.reshape(from2, [-1, 3]).numpy())\n",
    "\n",
    "model = tf.keras.models.load_model(\"perspective_shift/KITTInet.kmod\")\n",
    "from_DNN = model.predict(x_test)\n",
    "# print(from_DNN)\n",
    "# print(np.shape(from_DNN))\n",
    "print(tf.math.reduce_mean(from_DNN, axis = 0))\n"
   ]
  },
  {
   "cell_type": "markdown",
   "metadata": {},
   "source": [
    "### Identify compact directions where ICET and DNN disagree"
   ]
  },
  {
   "cell_type": "code",
   "execution_count": 151,
   "metadata": {},
   "outputs": [
    {
     "name": "stdout",
     "output_type": "stream",
     "text": [
      "tf.Tensor(\n",
      "[[[-7.53377557e-01  1.26463160e-01  6.45313323e-01]\n",
      "  [ 6.24581933e-01 -1.69384226e-01  7.62369037e-01]\n",
      "  [-2.05717519e-01 -9.77402747e-01 -4.86236848e-02]]\n",
      "\n",
      " [[-9.94667411e-01  4.27750498e-02  9.38460380e-02]\n",
      "  [-3.47535200e-02 -9.95731533e-01  8.55040401e-02]\n",
      "  [-9.71028209e-02 -8.17866921e-02 -9.91908252e-01]]\n",
      "\n",
      " [[ 9.52686369e-02 -2.83241987e-01  9.54304934e-01]\n",
      "  [ 1.89108588e-02  9.59007263e-01  2.82749772e-01]\n",
      "  [-9.95271981e-01 -8.89038388e-03  9.67196524e-02]]\n",
      "\n",
      " [[-7.56804347e-01 -6.42193973e-01  1.21795706e-01]\n",
      "  [-6.44749284e-01  7.64065564e-01  2.24085897e-02]\n",
      "  [ 1.07450493e-01  6.15687706e-02  9.92302179e-01]]\n",
      "\n",
      " [[-9.83983099e-01 -1.77966192e-01  1.02635426e-02]\n",
      "  [-1.78235993e-01  9.81226265e-01 -7.36687705e-02]\n",
      "  [-3.03968764e-03  7.43180960e-02  9.97229934e-01]]\n",
      "\n",
      " [[ 9.40797806e-01 -1.53252169e-01  3.02346915e-01]\n",
      "  [-2.92070478e-01 -8.19177508e-01  4.93602127e-01]\n",
      "  [-1.72030628e-01  5.52686274e-01  8.15440536e-01]]\n",
      "\n",
      " [[-2.81739891e-01 -5.32439411e-01  7.98204899e-01]\n",
      "  [ 2.59519257e-02 -8.35828960e-01 -5.48376203e-01]\n",
      "  [ 9.59139824e-01 -1.33784726e-01  2.49304056e-01]]\n",
      "\n",
      " [[-9.78139400e-01 -2.07862899e-01 -6.03074953e-03]\n",
      "  [ 1.71023265e-01 -8.20604444e-01  5.45306683e-01]\n",
      "  [ 1.18297875e-01 -5.32354593e-01 -8.38214934e-01]]\n",
      "\n",
      " [[ 1.86286956e-01 -4.39915806e-01  8.78505170e-01]\n",
      "  [-9.73893940e-01  3.53777893e-02  2.24229753e-01]\n",
      "  [-1.29721895e-01 -8.97341967e-01 -4.21840906e-01]]\n",
      "\n",
      " [[-9.98677790e-01 -4.96983118e-02 -1.31464973e-02]\n",
      "  [-8.78702104e-03 -8.69412199e-02  9.96174693e-01]\n",
      "  [-5.06511629e-02  9.94973004e-01  8.63895938e-02]]\n",
      "\n",
      " [[-3.28017741e-01 -9.19823527e-01  2.15241864e-01]\n",
      "  [ 3.29057366e-01  1.02325588e-01  9.38749552e-01]\n",
      "  [-8.85508716e-01  3.78753483e-01  2.69110143e-01]]\n",
      "\n",
      " [[-6.04313970e-01 -7.88451254e-01  1.14669465e-01]\n",
      "  [-3.38411599e-01  1.23710424e-01 -9.32830870e-01]\n",
      "  [ 7.21305966e-01 -6.02528393e-01 -3.41580957e-01]]\n",
      "\n",
      " [[-9.62393522e-01 -2.70334631e-01 -2.67946534e-02]\n",
      "  [-2.71657079e-01  9.57294822e-01  9.89397317e-02]\n",
      "  [ 1.09648332e-03 -1.02498017e-01  9.94732618e-01]]\n",
      "\n",
      " [[-7.71954119e-01 -6.34125769e-01  4.44011204e-02]\n",
      "  [ 6.35586441e-01 -7.71144986e-01  3.69513929e-02]\n",
      "  [-1.08079668e-02 -5.67454249e-02 -9.98330176e-01]]\n",
      "\n",
      " [[-4.19558138e-01  9.07684743e-01 -8.90773907e-03]\n",
      "  [ 9.07014310e-01  4.19597059e-01  3.55462544e-02]\n",
      "  [ 3.60024869e-02  6.83429092e-03 -9.99328375e-01]]\n",
      "\n",
      " [[ 9.15507019e-01  3.80285919e-01  1.31261557e-01]\n",
      "  [-2.78015971e-01  8.33880126e-01 -4.76813436e-01]\n",
      "  [ 2.90781766e-01 -4.00033265e-01 -8.69148612e-01]]\n",
      "\n",
      " [[-2.28048891e-01 -9.43714678e-01  2.39575148e-01]\n",
      "  [-9.73604083e-01  2.23409057e-01 -4.67282645e-02]\n",
      "  [-9.42516327e-03 -2.43907735e-01 -9.69752669e-01]]\n",
      "\n",
      " [[ 1.61734134e-01  4.03574079e-01 -9.00538445e-01]\n",
      "  [-9.72930789e-01  2.17854485e-01 -7.71044269e-02]\n",
      "  [ 1.65069029e-01  8.88632298e-01  4.27884787e-01]]\n",
      "\n",
      " [[-9.11968768e-01  4.73049544e-02  4.07523155e-01]\n",
      "  [-4.02833730e-01  8.48880634e-02 -9.11328256e-01]\n",
      "  [ 7.77041689e-02  9.95266914e-01  5.83592430e-02]]\n",
      "\n",
      " [[-8.29951465e-01  1.98714212e-02  5.57481587e-01]\n",
      "  [-5.56459844e-01  4.06530909e-02 -8.29879403e-01]\n",
      "  [ 3.91542278e-02  9.98975754e-01  2.26824488e-02]]\n",
      "\n",
      " [[-9.99335766e-01 -2.52229422e-02  2.63049603e-02]\n",
      "  [ 2.68526878e-02 -9.97616470e-01  6.35632128e-02]\n",
      "  [-2.46390421e-02 -6.42274097e-02 -9.97631073e-01]]\n",
      "\n",
      " [[-6.42156422e-01  7.57875293e-02  7.62817979e-01]\n",
      "  [-7.50445604e-01  1.40897036e-01 -6.45739615e-01]\n",
      "  [ 1.56417772e-01  9.87119198e-01  3.36035304e-02]]\n",
      "\n",
      " [[-5.78511894e-01 -1.08220819e-02  8.15602183e-01]\n",
      "  [-8.12735796e-01 -7.71460906e-02 -5.77502310e-01]\n",
      "  [-6.91702738e-02  9.96961117e-01 -3.58344279e-02]]\n",
      "\n",
      " [[ 9.57851291e-01 -2.59609550e-01  1.22978881e-01]\n",
      "  [ 2.70205349e-01  9.59563315e-01 -7.89134428e-02]\n",
      "  [ 9.75192264e-02 -1.08817086e-01 -9.89266813e-01]]\n",
      "\n",
      " [[ 3.83231163e-01  1.16116542e-03  9.23651755e-01]\n",
      "  [ 9.08488333e-01 -1.80933133e-01 -3.76712292e-01]\n",
      "  [-1.66681886e-01 -9.83494699e-01  7.03941211e-02]]\n",
      "\n",
      " [[ 9.12464201e-01  3.58188301e-01  1.97763413e-01]\n",
      "  [-4.07868356e-01  8.34609866e-01  3.70229095e-01]\n",
      "  [ 3.24434191e-02  4.18482363e-01 -9.07645345e-01]]\n",
      "\n",
      " [[-1.16633579e-01 -8.45851243e-01  5.20511687e-01]\n",
      "  [-9.89876390e-01  1.41681314e-01  8.43167678e-03]\n",
      "  [-8.08789358e-02 -5.14258802e-01 -8.53812933e-01]]\n",
      "\n",
      " [[-2.20295489e-01  4.75629140e-03  9.75421607e-01]\n",
      "  [-9.57595408e-01  1.89310789e-01 -2.17192560e-01]\n",
      "  [ 1.85690835e-01  9.81905758e-01  3.71497050e-02]]\n",
      "\n",
      " [[-1.65670022e-01  6.32106978e-03  9.86160994e-01]\n",
      "  [-9.85720217e-01 -3.16348784e-02 -1.65393248e-01]\n",
      "  [-3.01516205e-02  9.99479473e-01 -1.14717586e-02]]\n",
      "\n",
      " [[ 3.14734817e-01 -1.22964568e-03  9.49178874e-01]\n",
      "  [ 9.49009717e-01  1.93299204e-02 -3.14653695e-01]\n",
      "  [ 1.79606453e-02 -9.99812365e-01 -7.25074718e-03]]\n",
      "\n",
      " [[-9.80350375e-01  8.60271826e-02  1.77517697e-01]\n",
      "  [-1.78527474e-01 -4.12882725e-03 -9.83926296e-01]\n",
      "  [ 8.39114860e-02  9.96284246e-01 -1.94059294e-02]]\n",
      "\n",
      " [[-9.78126884e-01  1.02509014e-01  1.80996343e-01]\n",
      "  [-1.82414085e-01 -4.55024885e-03 -9.83211279e-01]\n",
      "  [ 9.99644399e-02  9.94721711e-01 -2.31498070e-02]]\n",
      "\n",
      " [[-9.72340524e-01  1.01201281e-01  2.10504785e-01]\n",
      "  [-2.07066730e-01  4.34744395e-02 -9.77360427e-01]\n",
      "  [ 1.08061723e-01  9.93915677e-01  2.13165376e-02]]\n",
      "\n",
      " [[-9.25778672e-02 -9.95163262e-01  3.28544639e-02]\n",
      "  [ 9.92679834e-01 -8.96762460e-02  8.09011087e-02]\n",
      "  [-7.75636584e-02  4.01036292e-02  9.96180534e-01]]\n",
      "\n",
      " [[-5.19014716e-01  4.11815457e-02 -8.53772640e-01]\n",
      "  [ 8.51143658e-01 -6.69512823e-02 -5.20645976e-01]\n",
      "  [-7.86021724e-02 -9.96906042e-01 -3.02669301e-04]]\n",
      "\n",
      " [[-8.25176835e-01  5.48439503e-01  1.35268018e-01]\n",
      "  [-1.77347027e-02 -2.64500886e-01  9.64222372e-01]\n",
      "  [-5.64595997e-01 -7.93254972e-01 -2.27986455e-01]]\n",
      "\n",
      " [[-4.89921898e-01 -4.77934368e-02  8.70455205e-01]\n",
      "  [-1.81915555e-02  9.98839140e-01  4.46037129e-02]\n",
      "  [ 8.71576548e-01 -6.01739576e-03  4.90222603e-01]]\n",
      "\n",
      " [[-9.78866160e-01 -9.32849273e-02  1.81986272e-01]\n",
      "  [-1.76475167e-01 -6.43349588e-02 -9.82200444e-01]\n",
      "  [-1.03332594e-01  9.93558764e-01 -4.65128496e-02]]\n",
      "\n",
      " [[ 9.32459533e-01 -3.24972659e-01  1.57835051e-01]\n",
      "  [-3.02831471e-01 -9.41317677e-01 -1.49044901e-01]\n",
      "  [-1.97008520e-01 -9.11810324e-02  9.76152480e-01]]\n",
      "\n",
      " [[-9.77318585e-01 -1.35953620e-01  1.62372932e-01]\n",
      "  [-1.56727225e-01 -5.13211042e-02 -9.86307681e-01]\n",
      "  [-1.42425194e-01  9.89385068e-01 -2.88493596e-02]]\n",
      "\n",
      " [[-7.29417562e-01  1.45531178e-01  6.68409228e-01]\n",
      "  [ 6.46757245e-01 -1.71576172e-01  7.43146360e-01]\n",
      "  [-2.22834185e-01 -9.74362552e-01 -3.10273264e-02]]\n",
      "\n",
      " [[-5.10682404e-01  2.48047914e-02  8.59411478e-01]\n",
      "  [ 8.59578192e-01 -6.35006186e-03  5.10964870e-01]\n",
      "  [-1.81316845e-02 -9.99672115e-01  1.80787966e-02]]\n",
      "\n",
      " [[-9.45280671e-01 -3.25839907e-01  1.65177379e-02]\n",
      "  [ 3.25493395e-01 -9.38389719e-01  1.16098583e-01]\n",
      "  [ 2.23294850e-02 -1.15122139e-01 -9.93100345e-01]]\n",
      "\n",
      " [[-1.96847305e-01  9.78990972e-01  5.31773902e-02]\n",
      "  [-1.85147852e-01  1.61442701e-02 -9.82578099e-01]\n",
      "  [-9.62793589e-01 -2.03263506e-01  1.78080127e-01]]\n",
      "\n",
      " [[-9.94841337e-01 -9.10924524e-02  4.46433239e-02]\n",
      "  [-8.28680024e-02  9.83583152e-01  1.60303146e-01]\n",
      "  [ 5.85128218e-02 -1.55776724e-01  9.86057818e-01]]\n",
      "\n",
      " [[-9.94605899e-01  3.09949480e-02  9.89872292e-02]\n",
      "  [-9.93487462e-02 -1.03494693e-02 -9.94998872e-01]\n",
      "  [ 2.98154484e-02  9.99466002e-01 -1.33729456e-02]]\n",
      "\n",
      " [[-9.80818450e-01 -1.78224482e-02  1.94106907e-01]\n",
      "  [-1.94299266e-01  9.76760872e-03 -9.80893672e-01]\n",
      "  [-1.55859748e-02  9.99793470e-01  1.30431410e-02]]\n",
      "\n",
      " [[ 9.21502888e-01  3.40876222e-01  1.86106727e-01]\n",
      "  [-3.79497558e-01  6.88476562e-01  6.18046582e-01]\n",
      "  [-8.25475976e-02  6.40158892e-01 -7.63794959e-01]]\n",
      "\n",
      " [[ 2.08681285e-01  3.26889604e-01 -9.21734929e-01]\n",
      "  [-8.32242846e-01 -4.35637087e-01 -3.42917144e-01]\n",
      "  [-5.13638020e-01  8.38667750e-01  1.81142271e-01]]\n",
      "\n",
      " [[ 5.76067492e-02 -9.68549252e-01  2.42061824e-01]\n",
      "  [ 9.52070355e-01 -1.96610857e-02 -3.05246532e-01]\n",
      "  [ 3.00405651e-01  2.48044103e-01  9.20994401e-01]]\n",
      "\n",
      " [[-3.84737104e-01 -9.05904353e-01  1.76959515e-01]\n",
      "  [-4.59482111e-02 -1.72682032e-01 -9.83905375e-01]\n",
      "  [ 9.21881914e-01 -3.86675805e-01  2.48124637e-02]]\n",
      "\n",
      " [[-8.72455612e-02 -6.51796341e-01  7.53359079e-01]\n",
      "  [-5.73096564e-04 -7.56209671e-01 -6.54329121e-01]\n",
      "  [ 9.96186674e-01 -5.75190187e-02  6.56023994e-02]]\n",
      "\n",
      " [[-7.85169303e-02 -9.93729174e-01  7.96073824e-02]\n",
      "  [-9.96428430e-01  8.07174891e-02  2.48027463e-02]\n",
      "  [-3.10726333e-02 -7.73756430e-02 -9.96517718e-01]]\n",
      "\n",
      " [[-4.47501600e-01 -8.75072598e-01  1.84364244e-01]\n",
      "  [ 8.94006252e-01 -4.32623804e-01  1.16573691e-01]\n",
      "  [-2.22500395e-02  2.16989711e-01  9.75920320e-01]]\n",
      "\n",
      " [[-2.50698477e-01 -8.54348779e-01  4.55234617e-01]\n",
      "  [-3.45668286e-01 -3.60249758e-01 -8.66448820e-01]\n",
      "  [ 9.04247642e-01 -3.74577582e-01 -2.05007240e-01]]\n",
      "\n",
      " [[-4.27560389e-01 -8.38608563e-01  3.37532431e-01]\n",
      "  [ 8.30677748e-01 -5.11764109e-01 -2.19252378e-01]\n",
      "  [ 3.56604099e-01  1.86636969e-01  9.15423512e-01]]\n",
      "\n",
      " [[-1.40820727e-01 -5.34135640e-01  8.33587825e-01]\n",
      "  [ 2.83711329e-02 -8.43809485e-01 -5.35892427e-01]\n",
      "  [ 9.89628553e-01 -5.18150367e-02  1.33979872e-01]]\n",
      "\n",
      " [[-7.35895991e-01 -6.74111962e-01  6.34842589e-02]\n",
      "  [ 6.75477982e-01 -7.24429846e-01  1.37590095e-01]\n",
      "  [ 4.67611961e-02 -1.44134164e-01 -9.88452733e-01]]\n",
      "\n",
      " [[ 9.50597525e-01 -2.93474644e-01  1.01177804e-01]\n",
      "  [-1.33734196e-01 -9.30268615e-02  9.86641407e-01]\n",
      "  [ 2.80141979e-01  9.51429784e-01  1.27678767e-01]]\n",
      "\n",
      " [[ 7.25320995e-01 -3.11266273e-01  6.14021778e-01]\n",
      "  [-5.57926118e-01  2.56706476e-01  7.89189577e-01]\n",
      "  [ 4.03271616e-01  9.14994597e-01 -1.25310225e-02]]\n",
      "\n",
      " [[-8.52111638e-01 -5.82398772e-02 -5.20109594e-01]\n",
      "  [-1.67446494e-01  9.71889913e-01  1.65504768e-01]\n",
      "  [ 4.95850295e-01  2.28118837e-01 -8.37910652e-01]]\n",
      "\n",
      " [[ 1.26171231e-01 -9.00847554e-01  4.15396869e-01]\n",
      "  [ 9.77616608e-02 -4.05413479e-01 -9.08890843e-01]\n",
      "  [ 9.87179577e-01  1.55285776e-01  3.69168222e-02]]\n",
      "\n",
      " [[-9.48963523e-01 -3.14664841e-01 -2.13120691e-02]\n",
      "  [-3.15385431e-01  9.46702003e-01  6.54782653e-02]\n",
      "  [ 4.27571067e-04 -6.88581467e-02  9.97626364e-01]]\n",
      "\n",
      " [[ 7.15539530e-02 -1.41945019e-01  9.87285018e-01]\n",
      "  [ 2.08129495e-01 -9.65908706e-01 -1.53955981e-01]\n",
      "  [ 9.75480437e-01  2.16499418e-01 -3.95716354e-02]]\n",
      "\n",
      " [[-4.36915398e-01 -5.54405972e-02  8.97792399e-01]\n",
      "  [-8.82986367e-01 -1.63953677e-01 -4.39834535e-01]\n",
      "  [-1.71581060e-01  9.84908938e-01 -2.26805992e-02]]\n",
      "\n",
      " [[-1.47383794e-01 -6.12803221e-01  7.76369989e-01]\n",
      "  [-1.61499336e-01 -7.59497583e-01 -6.30144000e-01]\n",
      "  [ 9.75805342e-01 -2.18256012e-01  1.29703209e-02]]\n",
      "\n",
      " [[-3.79823983e-01  2.76120962e-03  9.25054729e-01]\n",
      "  [-9.24383521e-01  3.70696858e-02 -3.79659027e-01]\n",
      "  [ 3.53397951e-02  9.99308884e-01  1.15275374e-02]]\n",
      "\n",
      " [[-9.81483519e-01  1.45454621e-02  1.90993577e-01]\n",
      "  [-1.90848827e-01  1.07741551e-02 -9.81560349e-01]\n",
      "  [ 1.63350403e-02  9.99836206e-01  7.79866939e-03]]\n",
      "\n",
      " [[ 9.67404783e-01 -3.69049056e-04  2.53234625e-01]\n",
      "  [ 2.53144115e-01 -2.53633205e-02 -9.67096031e-01]\n",
      "  [-6.77977037e-03 -9.99678195e-01  2.44431794e-02]]\n",
      "\n",
      " [[-9.75136831e-03 -6.38327539e-01  7.69703090e-01]\n",
      "  [-7.88596809e-01 -4.68374997e-01 -3.98421824e-01]\n",
      "  [ 6.14833295e-01 -6.10870600e-01 -4.98815715e-01]]\n",
      "\n",
      " [[-4.27379549e-01 -8.73507082e-01  2.33090311e-01]\n",
      "  [ 8.64724219e-01 -4.70194787e-01 -1.76550955e-01]\n",
      "  [ 2.63816118e-01  1.26104191e-01  9.56294239e-01]]\n",
      "\n",
      " [[-3.14186096e-01 -9.48256969e-01  4.57782261e-02]\n",
      "  [-9.49335754e-01  3.13458145e-01 -2.24914886e-02]\n",
      "  [ 6.97814859e-03 -5.05254194e-02 -9.98698473e-01]]\n",
      "\n",
      " [[ 4.36205380e-02 -6.63684487e-01  7.46739745e-01]\n",
      "  [ 9.99025881e-01  3.39737535e-02 -2.81630866e-02]\n",
      "  [-6.67767739e-03  7.47240782e-01  6.64519906e-01]]\n",
      "\n",
      " [[-6.40820980e-01  7.99965337e-02  7.63511002e-01]\n",
      "  [ 7.59797037e-01 -7.61635602e-02  6.45683885e-01]\n",
      "  [-1.09804131e-01 -9.93881106e-01  1.19739240e-02]]\n",
      "\n",
      " [[-9.81502950e-01  1.68052495e-01  9.17091221e-02]\n",
      "  [-1.78277716e-01 -9.76893008e-01 -1.17885567e-01]\n",
      "  [-6.97790608e-02  1.32054865e-01 -9.88783300e-01]]\n",
      "\n",
      " [[-3.86659116e-01  9.22221065e-01 -1.79595768e-03]\n",
      "  [ 9.21913505e-01  3.86478186e-01 -2.66455878e-02]\n",
      "  [-2.38790549e-02 -1.19584883e-02 -9.99643326e-01]]\n",
      "\n",
      " [[-7.84989715e-01 -6.19058311e-01 -2.36185007e-02]\n",
      "  [ 6.17278516e-01 -7.84827232e-01  5.48969507e-02]\n",
      "  [ 5.25208376e-02 -2.85143219e-02 -9.98212695e-01]]\n",
      "\n",
      " [[-2.29999185e-01  8.11019633e-03  9.73157048e-01]\n",
      "  [-9.73110020e-01  1.09725008e-02 -2.30079517e-01]\n",
      "  [ 1.25439530e-02  9.99906898e-01 -5.36844786e-03]]\n",
      "\n",
      " [[-2.66659349e-01  5.18873408e-02  9.62393165e-01]\n",
      "  [-9.63656902e-01  2.29748874e-03 -2.67133266e-01]\n",
      "  [ 1.60719305e-02  9.98650312e-01 -4.93889451e-02]]\n",
      "\n",
      " [[-9.87060905e-01  1.41226426e-01  7.59336427e-02]\n",
      "  [-7.62708858e-02  3.03121074e-03 -9.97082531e-01]\n",
      "  [ 1.41044572e-01  9.89972651e-01 -7.77950371e-03]]\n",
      "\n",
      " [[ 3.59825224e-01 -3.80101055e-01  8.52085114e-01]\n",
      "  [-6.40648365e-01  5.63280880e-01  5.21808445e-01]\n",
      "  [-6.78303421e-01 -7.33646989e-01 -4.08285260e-02]]\n",
      "\n",
      " [[ 9.93323445e-01  6.51342934e-03 -1.15178972e-01]\n",
      "  [-1.14075094e-01  2.04224735e-01 -9.72254694e-01]\n",
      "  [ 1.71894729e-02  9.78902400e-01  2.03604043e-01]]\n",
      "\n",
      " [[ 7.31697381e-02 -2.50489146e-01  9.65350389e-01]\n",
      "  [ 1.34545162e-01 -9.56616998e-01 -2.58421034e-01]\n",
      "  [ 9.88202333e-01  1.48791939e-01 -3.62933055e-02]]\n",
      "\n",
      " [[-1.25861969e-02 -2.08099056e-02  9.99704242e-01]\n",
      "  [ 9.69215691e-01  2.45603800e-01  1.73148494e-02]\n",
      "  [-2.45891452e-01  9.69146907e-01  1.70780700e-02]]\n",
      "\n",
      " [[ 9.49396670e-01  3.06445867e-01  6.88253641e-02]\n",
      "  [-2.87489016e-02 -1.33423641e-01  9.90642071e-01]\n",
      "  [-3.12761098e-01  9.42490935e-01  1.17862046e-01]]\n",
      "\n",
      " [[ 3.91867280e-01  5.14216125e-01 -7.62903512e-01]\n",
      "  [-9.13613677e-01  1.19795993e-01 -3.88534427e-01]\n",
      "  [-1.08397916e-01  8.49253058e-01  5.16739011e-01]]\n",
      "\n",
      " [[-1.65955916e-01  2.79839262e-02  9.85736072e-01]\n",
      "  [ 9.85649526e-01  3.60099822e-02  1.64919063e-01]\n",
      "  [ 3.08812577e-02 -9.98959541e-01  3.35584134e-02]]\n",
      "\n",
      " [[ 8.63871515e-01  4.99766618e-01  6.29238561e-02]\n",
      "  [-4.98093933e-01  8.66150260e-01 -4.10636552e-02]\n",
      "  [ 7.50237182e-02 -4.13161470e-03 -9.97173190e-01]]\n",
      "\n",
      " [[ 9.86502022e-02 -9.67059851e-01  2.34656185e-01]\n",
      "  [ 9.93995488e-01  8.45419168e-02 -6.94667995e-02]\n",
      "  [ 4.73403819e-02  2.40100011e-01  9.69593167e-01]]\n",
      "\n",
      " [[ 7.94651031e-01  5.52953482e-01  2.50544369e-01]\n",
      "  [ 2.44773105e-01  8.58298913e-02 -9.65773940e-01]\n",
      "  [ 5.55532157e-01 -8.28779638e-01  6.71431199e-02]]\n",
      "\n",
      " [[-7.44152427e-01 -6.56478703e-01 -1.23583943e-01]\n",
      "  [ 5.88939190e-01 -5.57434022e-01 -5.85165024e-01]\n",
      "  [-3.15258324e-01  5.08235276e-01 -8.01441789e-01]]\n",
      "\n",
      " [[-2.09265053e-01 -7.95330405e-01  5.68909287e-01]\n",
      "  [ 8.73967946e-01  1.08843282e-01  4.73638237e-01]\n",
      "  [-4.38620925e-01  5.96324384e-01  6.72316194e-01]]\n",
      "\n",
      " [[-7.34056354e-01  6.42803848e-01  2.19008580e-01]\n",
      "  [-6.25240207e-01 -5.13877034e-01 -5.87371528e-01]\n",
      "  [ 2.65021175e-01  5.68096638e-01 -7.79121280e-01]]\n",
      "\n",
      " [[-7.66281486e-01  6.21951759e-01  1.61209390e-01]\n",
      "  [ 4.99361694e-01  4.18629497e-01  7.58543015e-01]\n",
      "  [-4.04290140e-01 -6.61759317e-01  6.31366849e-01]]\n",
      "\n",
      " [[-1.42540559e-01 -8.65833402e-01  4.79598522e-01]\n",
      "  [ 6.80761755e-01  2.65979767e-01  6.82508826e-01]\n",
      "  [-7.18502402e-01  4.23777521e-01  5.51513314e-01]]\n",
      "\n",
      " [[ 7.09703326e-01 -5.93262553e-01  3.79948467e-01]\n",
      "  [ 3.19661975e-01 -2.09425762e-01 -9.24098015e-01]\n",
      "  [-6.27803743e-01 -7.77290463e-01 -4.10133414e-02]]], shape=(96, 3, 3), dtype=float32)\n",
      "tf.Tensor(\n",
      "[  0   1   2   3   4   5   6   7   8   9  10  11  12  13  14  15  17  18\n",
      "  20  21  22  23  24  25  26  27  28  29  30  31  32  33  34  35  36  37\n",
      "  39  41  42  43  44  45  46  47  48  49  50  52  53  54  55  56  57  58\n",
      "  59  61  62  63  64  65  66  67  68  69  71  72  73  74  75  76  77  78\n",
      "  79  80  81  82  84  85  86  87  88  89  90  91  92  93  94  95  96  97\n",
      "  98 100 101 102 106 109 112 116 117 118 119 120 121 122 125 126 127 129\n",
      " 130 131 134 135 136], shape=(113,), dtype=int64)\n",
      "tf.Tensor(\n",
      "[  0   1   2   3   4   5   6   9  10  11  13  14  15  17  18  20  21  22\n",
      "  23  24  25  26  27  28  29  30  31  32  33  34  35  36  37  39  41  43\n",
      "  44  45  46  48  49  52  53  54  55  56  57  58  59  62  63  64  65  66\n",
      "  67  68  69  71  73  74  76  77  78  79  81  82  84  85  86  87  89  90\n",
      "  92  93  95  96  97  98 100 101 102 106 109 112 116 117 118 120 126 127\n",
      " 129 130 131 134 135 136], shape=(96,), dtype=int64)\n",
      "tf.Tensor(\n",
      "[  0   1   2   3   4   5   6   9  10  11  13  14  15  16  17  18  19  20\n",
      "  21  22  23  24  25  26  27  28  29  30  31  32  33  34  35  36  37  39\n",
      "  40  41  42  44  45  47  48  49  50  51  52  53  54  56  57  58  59  60\n",
      "  61  62  63  64  66  67  69  70  71  72  74  75  76  77  78  79  81  82\n",
      "  84  85  87  88  89  90  91  92  93  94  95  96  97  98  99 101 105 106\n",
      " 107 108 109 110 111 112], shape=(96,), dtype=int64)\n"
     ]
    }
   ],
   "source": [
    "#compare per cell translation estimates between ICET and DNN on converged results\n",
    "dnnsoln = tf.convert_to_tensor(from_DNN)\n",
    "# n = 0 #cell idx\n",
    "# print(dnnsoln[n])\n",
    "# print(it1.residuals[n])\n",
    "\n",
    "icetsoln = tf.gather(it1.residuals_full, it1.corr)\n",
    "\n",
    "#align differences between solutions with the principal axis of ICET scan1\n",
    "L = it1.L #only from \"mu1_enough\", \"sigma1_enough\" -> why it's too small rn???\n",
    "U = it1.U\n",
    "# print(tf.shape(U))\n",
    "# print(U)\n",
    "\n",
    "print(it1.enough1) #voxel IDs from scan1 with enough points\n",
    "print(it1.corr)    # voxel IDs from BOTH with enough points\n",
    "\n",
    "#TODO: \n",
    "#  1) get IDX of elements that are in both enough1 and corr\n",
    "#  2) use this to index U and L to get U_i and L_i\n",
    "both = tf.sets.intersection(it1.enough1[None,:], it1.corr[None,:]).values\n",
    "ans = tf.where(it1.enough1[:,None] == both)[:,0]\n",
    "print(ans)\n",
    "\n",
    "# tf.gather(L, ans)\n",
    "\n",
    "\n",
    "\n",
    "#remove extended axis\n",
    "# print(dnnsoln - icetsoln)\n"
   ]
  },
  {
   "cell_type": "markdown",
   "metadata": {},
   "source": [
    "## Identify outlier cells"
   ]
  },
  {
   "cell_type": "code",
   "execution_count": null,
   "metadata": {
    "scrolled": false
   },
   "outputs": [],
   "source": [
    "import matplotlib.pyplot as plt\n",
    "fig, ax = plt.subplots(2,1)\n",
    "nbins = 25\n",
    "nstd = 2\n",
    "\n",
    "# print(it.dx_i[:,0])\n",
    "# print(tf.math.reduce_sum(it.dx_i, axis = 0))\n",
    "# print(it.W)\n",
    "# print(it.H)\n",
    "# print(it.residuals[:,0])\n",
    "\n",
    "component = it1.residuals_full[:,1]\n",
    "print(tf.shape(component))\n",
    "# print(component)\n",
    "\n",
    "print(\"\\n before:\")\n",
    "mu = tf.math.reduce_mean(component)\n",
    "print(\"mean\", mu)\n",
    "sigma = tf.math.reduce_std(component)\n",
    "print(\"standard deviation\", sigma)\n",
    "bad_idx = tf.where( tf.math.abs(component) > mu + nstd*sigma )\n",
    "# print(\"bad idx\", bad_idx)\n",
    "good_idx = tf.where( tf.math.abs(component) < mu + nstd*sigma )\n",
    "# print(tf.gather(component, bad_idx))\n",
    "# ax.hist(it.dx_i[:,0], nbins);\n",
    "ax[0].hist(component, nbins);\n",
    "ax[0].set_xlabel(\"y_i - y0_i (forward translation error)\")\n",
    "ax[0].set_ylabel(\"frequency\")\n",
    "ax[0].set_title(\"All Distributions\")\n",
    "\n",
    "#test to make sure outliers are being removed correctly\n",
    "component = it1.residuals[:,1]\n",
    "print(tf.shape(component))\n",
    "# print(component)\n",
    "\n",
    "print(\"\\n after:\")\n",
    "mu = tf.math.reduce_mean(component)\n",
    "print(\"mean\", mu)\n",
    "sigma = tf.math.reduce_std(component)\n",
    "print(\"standard deviation\", sigma)\n",
    "\n",
    "ax[1].hist(component, nbins);\n",
    "ax[1].set_xlabel(\"y_i - y0_i (forward translation error)\")\n",
    "ax[1].set_ylabel(\"frequency\")\n",
    "ax[1].set_title(\"Best Fitting Distributions\")\n"
   ]
  },
  {
   "cell_type": "code",
   "execution_count": null,
   "metadata": {},
   "outputs": [],
   "source": [
    "import tensorflow_probability as tfp\n",
    "\n",
    "# print(it.residuals_full[:,0])\n",
    "edges = tf.linspace(-1.,1.,30)\n",
    "# print(edges)\n",
    "print(edges)\n",
    "\n",
    "bins_soln = tfp.stats.find_bins(it.residuals_full[:,0], edges)\n",
    "# print(bins_soln)\n",
    "\n",
    "good_idx = tf.where(bins_soln == 14)\n",
    "bad_idx = tf.where(bins_soln == 14)\n",
    "# print(bad_idx)\n",
    "# print(good_idx)\n",
    "# print(tf.gather(it.residuals_full[:,0], good_idx))\n"
   ]
  },
  {
   "cell_type": "code",
   "execution_count": null,
   "metadata": {},
   "outputs": [],
   "source": [
    "a = tf.constant([[5, 6, 7, 8]])\n",
    "b = tf.constant([[8, 7, 10]])\n",
    "print(tf.sets.difference(a,b).values)"
   ]
  },
  {
   "cell_type": "markdown",
   "metadata": {},
   "source": [
    "## Identify Useful Clusters"
   ]
  },
  {
   "cell_type": "code",
   "execution_count": null,
   "metadata": {
    "scrolled": false
   },
   "outputs": [],
   "source": [
    "from utils import get_cluster\n",
    "\n",
    "#index of spike that each of the points from cloud 1 is occupying\n",
    "print(it.bins_spike)\n",
    "\n",
    "occupied_spikes, idxs = tf.unique(it.bins_spike)\n",
    "print(\"\\n occupied_spikes \\n\", occupied_spikes)\n",
    "temp =  tf.where(it.bins_spike == occupied_spikes[:,None])\n",
    "rag = tf.RaggedTensor.from_value_rowids(temp[:,1], temp[:,0])\n",
    "idx_by_rag = tf.gather(it.cloud1_tensor_spherical[:,0], rag)\n",
    "\n",
    "# rads = idx_by_rag[50,:] #single element from ragged tensor\n",
    "rads = tf.transpose(idx_by_rag.to_tensor()[:3,:])\n",
    "# rads = tf.transpose(idx_by_rag.to_tensor())\n",
    "# print(rads) #starts out unordered\n",
    "\n",
    "# #_________________________________________________________________\n",
    "fig, ax = plt.subplots(2,1)\n",
    "nbins = 25\n",
    "ax[0].hist(rads.numpy(), nbins, histtype = 'step');\n",
    "yax = tf.ones(tf.shape(rads), tf.float32) #plots everything on top of eachother\n",
    "yax = yax * tf.cast(tf.linspace(1, 0, tf.shape(rads)[1]), tf.float32)\n",
    "# print(tf.linspace(0, 1, tf.shape(rads)[1])[:,None] )\n",
    "ax[1].plot(rads,yax, 'b.', markersize = 3)\n",
    "# #_________________________________________________________________\n",
    "\"\"\n",
    "bounds = get_cluster(rads)\n",
    "print(\"\\n Bounds \\n\", bounds)\n"
   ]
  },
  {
   "cell_type": "code",
   "execution_count": null,
   "metadata": {},
   "outputs": [],
   "source": [
    "a = np.zeros([1,2])\n",
    "b = np.ones([3,2])\n",
    "print(np.append(b, a, axis = 0))"
   ]
  },
  {
   "cell_type": "code",
   "execution_count": null,
   "metadata": {},
   "outputs": [],
   "source": [
    "edges_r = bounds[6,:]\n",
    "print(edges_r)\n",
    "pts = tf.cast(tf.convert_to_tensor(c1[:,1]), tf.float64)\n",
    "print(pts)\n",
    "\n",
    "bins_r = tfp.stats.find_bins(pts, edges_r)\n",
    "print(bins_r)\n",
    "#get rid of NaNs\n",
    "nonnan = 1 - tf.cast(tf.math.is_nan(bins_r), tf.float32)\n",
    "idxnonan = tf.where(nonnan == 1)\n",
    "print(tf.gather(bins_r, idxnonan))"
   ]
  },
  {
   "cell_type": "code",
   "execution_count": 8,
   "metadata": {},
   "outputs": [
    {
     "name": "stdout",
     "output_type": "stream",
     "text": [
      "[[ 0.33398169 -0.00806366 -0.01034651]]\n",
      "[[ 0.36177183  0.0056728   0.00114252  0.000432   -0.00459209 -0.01451318]]\n",
      "0.110133\n"
     ]
    }
   ],
   "source": [
    "#get true transformation between frames\n",
    "from metpy.calc import lat_lon_grid_deltas\n",
    "idx = 0\n",
    "poses0 = dataset.oxts[idx] #<- ID of 1st scan\n",
    "poses1 = dataset.oxts[idx+1] #<- ID of 2nd scan\n",
    "lat0 = poses0.packet.lat\n",
    "lon0 = poses0.packet.lon\n",
    "alt0 = poses0.packet.alt\n",
    "lat1 = poses1.packet.lat\n",
    "lon1 = poses1.packet.lon\n",
    "alt1 = poses1.packet.alt\n",
    "\n",
    "# print(lat0)\n",
    "# print(lon0)\n",
    "\n",
    "dx_oxts, dy_oxts = lat_lon_grid_deltas(np.array([lon0,lon1]), np.array([lat0, lat1]))\n",
    "# print(dx_oxts, dy_oxts) \n",
    "dx_oxts = dx_oxts[0,0].magnitude\n",
    "dy_oxts = dy_oxts[0,0].magnitude\n",
    "dz_oxts = (alt0-alt1)\n",
    "droll_oxts = (poses0.packet.roll - poses1.packet.roll)\n",
    "dpitch_oxts = (poses0.packet.pitch - poses1.packet.pitch)\n",
    "dyaw_oxts = (poses0.packet.yaw - poses1.packet.yaw)\n",
    "\n",
    "rot = poses1.T_w_imu[:3,:3] #trying this\n",
    "\n",
    "dxyz_oxts = np.array([[dx_oxts, dy_oxts, dz_oxts]])\n",
    "dxyz_lidar = dxyz_oxts.dot(rot)\n",
    "print(dxyz_lidar)\n",
    "\n",
    "# dt = 0.10\n",
    "dt = 0.1037 #mean time between lidar samples\n",
    "from_vel = np.array([[poses1.packet.vf*dt, poses1.packet.vl*dt, poses1.packet.vu*dt, -poses1.packet.wf*dt, -poses1.packet.wl*dt, -poses1.packet.wu*dt]])\n",
    "print(from_vel)\n",
    "\n",
    "# print(poses1.packet.vel_accuracy)\n",
    "print((dataset.timestamps[idx+1] - dataset.timestamps[idx]).microseconds/(10e5))\n",
    "\n",
    "# # print(np.shape(dataset.timestamps)[0])\n",
    "# # tvec = np.zeros(np.shape(dataset.timestamps)[0])\n",
    "# tvec = np.zeros(149)\n",
    "# # for i in range(np.shape(dataset.timestamps)[0] - 1):\n",
    "# for i in range(149):\n",
    "# #     print((dataset.timestamps[i+1] - dataset.timestamps[i]).microseconds/(10e5))\n",
    "#     tvec[i] = (dataset.timestamps[i+1] - dataset.timestamps[i]).microseconds/(10e5)\n",
